8 0.465999 0.384097 0.190579 0.186572
0 0.087015 0.105991 0.090540 0.118291
1 0.207513 0.103447 0.120508 0.122246
9 0.268701 0.603608 0.098301 0.019561
13 0.888649 0.387764 0.172858 0.064395
8 0.404762 0.850537 0.151413 0.035957
8 0.404766 0.923315 0.151406 0.035967
8 0.478952 0.222461 0.199570 0.075195
8 0.284570 0.505664 0.118880 0.032422
19 0.585524 0.919165 0.167155 0.049053
22 0.871094 0.909912 0.176042 0.054980
21 0.897607 0.599956 0.133743 0.043525
4 0.298249 0.366489 0.075833 0.063193
20 0.907650 0.722026 0.125378 0.075225
4 0.748659 0.930566 0.076758 0.026816
18 0.759697 0.843032 0.136686 0.041006
7 0.256484 0.854229 0.108333 0.028164
14 0.857738 0.469175 0.070658 0.102197
14 0.938434 0.546675 0.055514 0.068154
15 0.884235 0.096323 0.138796 0.128701
2 0.120869 0.700073 0.166556 0.113564
6 0.107620 0.919624 0.127441 0.026494
12 0.911478 0.322500 0.101172 0.046074
1 0.110664 0.838765 0.143633 0.048779
3 0.122409 0.535239 0.167122 0.105693
